%YAML:1.0
---
calibration_time: "Wed 25 Jan 2017 16:28:58 EST"
image_width: 640
image_height: 480
flags: 0
camera_matrix: !!opencv-matrix
   rows: 3
   cols: 3
   dt: d
   data: [ 7.9672774394707476e+03, 0., 4.0745419879149216e+02, 0.,
       2.4100749734371457e+03, 1.5184438625918912e+02, 0., 0., 1. ]
distortion_coefficients: !!opencv-matrix
   rows: 1
   cols: 5
   dt: d
   data: [ 1.6135017552134195e+02, -7.0147902293353645e+03,
       -2.2583477639025848e+00, 1.4425614126613984e+00,
       8.8324264431406633e+01 ]
avg_reprojection_error: 3.8604631525098134e+00
