%YAML:1.0
---
calibration_time: "Mon 06 Feb 2017 11:45:49 EST"
image_width: 640
image_height: 480
flags: 0
camera_matrix: !!opencv-matrix
   rows: 3
   cols: 3
   dt: d
   data: [ 5.2804885574e+02, 0., 3.0195620958e+02, 0.,
       5.2791097666e+02, 2.2845103883e+02, 0., 0., 1. ]
distortion_coefficients: !!opencv-matrix
   rows: 1
   cols: 5
   dt: d
   data: [ -6.60298086e-02, -1.07869178e+00,
       1.16403508e-03, 1.92266196e-03,
       1.04167488e+01 ]
avg_reprojection_error: 0.185206918376


